5551920023477
5551933805484
555197850595
555193748372
555191299830
555198142539
555194717808
555193218648
555199676701
555197944168
555194468673
555197789203
555181371051
555190043188
555197707748
555199071154
555198180891
555197493495
555196056912
555192912814
555186367441
555192197074
555196802576
555198207304
555195473816
555497054385
555191441256
555196538763
555198958121
555198663972
555191523338
555198604959
555195818561
555193119257
555196922123
5551920030031
55518705624
555198701196
555186160197
555182005695
55518671039
555180467651
555194415255
555198649542
555191728357
55518958121
555198177621
555180205852
555191492103
555196802576
555189522967
555192728475
555198082595
555197748358
555193864010
555199260707
555199603339
555182005695
555196794498
555198020964
5551955200
555193219239
555197748358
555191066315
555191136577
555196734473
555199205156
5551819307
55518566222
55519596131
555180433554
555190077709
555130341433
555183055085
555193470503
555180219956
555194158239
555196540910
55518411230
555195480553
555189237906
555193984790
555190163021
55519742816
555194658053
555193313953
555192202110
555196208663
555191448760
555197669425
555192552164
555192263262
55519494423
555182600471
555185866409
555185838108
55519539025
555189191607
555185018503
555196658450
555182720444
555184847051
5511977435847
5511970994588
555193154900
555189508244
555189253989
55519731603
555197443023
555180607515
555197495461
13156298664
555193114606
555194949270
555180198598
555192202025
555195509188
555193899591
55518411223
555134511231
555137839693
555192795847
555196812541
5511919114871
555134510734
555196751990
555196222132
555192181041
555197379364
555192395827
555195253428
555197892751
55519251696
555197439632
55518990797
555189756904
555197126759
5551886570
555181202035
555189328441
555195091705
555195142253
555191689006
555184193185
555196147205
555195024881
555196469133
555196990660
55519071154
555191093639
555191760696
55518633474
555194059370
555186090648
555193601886
555193872371
555134515656
555180488029
555183188412
555192385379
555180136229
555180592475
55518804533
555185338930
555191015362
555194065887
555192293897
051998870834
555193881184
555192871736
555196854294
555181166694
555185105136
051996974789
555193480713
5551886269
555193541826
555182313995
555195481573
555189531448
555181619041
555196214342
555189547219
55519086435
555193672846
555180225645
555181618297
5569999344881
555181517598
555193830506
555180112916
555184016207
555189589329
555196025356
555193784850
555194776837
555195227688
555195153884
555181518227
555195341571
55519013573
555197412914
555191905540
555194242484
555186555438
555193712857
555197387895
555197678361
555181861124
555186318709
555196568512
555181613448
555181516773
555193531072
555195064766
555193342850
555191964202
555193605613
555185131010
555180195028
555184240505
5511914786860
555196617882
555184104475
555197355093
555184521099
555193291437
555189702626
555186194414
555197091981
55519558492
555186107690
555186864444
555180603792
555196651927
5555996279506
555194174280
555181969812
555190143937
555184801341
555193549780
555195369990
555181340517
555197729977
555180648721
55518276724
555180109192
555181492566
555184168542
55518676313
555191207868
051992887092
555193228806
555197400211
051997875096
555181584073
555195142772
555192923963
555195214705
555182374526
55518054398
555181314388
555130375677
55519716960
555193488151
555191441730
555180560087
555191499770
555193466331
555189372596
555134516909
555197220483
5511913368520
555181228071
555191347291
051993159799
55518267952
555189690787
555182495360
555194468673
555181346583
55518275836
555191421340
555192365704
55518326890
555193074711
555194198912
555193242099
555197866690
555196686050
555195164165
555193181007
555189221669
55518897077
555191466892
555193941438
555184844934
555189994726
555181198229
555194984029
555180118704
55519073447
555181097100
555191778260
555184488797
55519714222
555193769254
555191558952
555195771730
555191144278
555195133705
55519252665
55519573213
555130912356
555192619624
55518522246
555182600998
555196337919
555185196021
555192048592
555193185592
55992363047
555182771245
55518701297
555195720237
555194264090
555183002760
555184988234
555196486903
55518447769
555181018353
555192701467
555192645909
555185634726
5551965061
555196607223
555197707748
555183242095
555190083605
555197339186
555195414777
5511955915115
555195790404
55518689813
555195065612
555182030909
555181311847
555180411880
555182776427
555197725698
55518649542
5554997054385
555191409407
555195722638
55519386398
55519483142
555189058434
555194135611
555134517560
555195496407
555180547949
555195198763
555196751987
555181462156
555196377775
555193119510
555185735900
555192181850
55518604959
555191014630
555194222512
555195919145
555180650815
555186109085
555181618955
555191416178
55518659779
555189552779
555192695005
555196241579
555181531991
55518401421
555197061516
5554981333698
555185154819
555196975891
555191153545
55519700295
555190161174
555195047025
555185262343
555183577730
55519685777
555181336795
555134704713
555189209497
555193761990
5551833443
555197819713
55518177621
555194717717
555134384635
555183491592
555180142832
555195213987
555184113999
555194781264
555181655626
55518201127
55519498657
555180186500
555192994146
555195180764
555195384838
555184111241
55519793336
555189162859
555196441148
555194708139
555186074222
5511910469931
555196014898
555191275032
55519308889
555191141514
55518599658
555180260293
555189741642
55518442219
555123127038
555189737589
55518647650
5548991501955
555184258098
555195618239
555197847782
555194278862
555185600052
555184406373
555194041886
555194063899
555189205811
5551933800534
555185422465
555181418873
55518174748
555181298526
5538998488757
555182625651
555192418090
555181242420
555181918252
555184737960
555182344059
555180399442
555191544138
555180708832
555191304593
555182249780
555195953948
555134731212
555181568136
555194827262
555197419662
555193392299
555189037805
555189424994
555194003597
555194123718
555193910420
555190010676
55518701196
55518790362
555194671102
555197273254
55519768803
55518020964
555194954684
555193172450
555192610079
555189415714
555180326077
555191296002
555181864330
555186403157
555184264579
555186602600
555191054629
555189756880
55518643027
555195556894
555189669147
555192782479
555185491161
555192244418
555194233849
555182003448
555189922462
555181821825
555194499451
555192678297
555195341374
555183472852
555183081891
555180427737
555185882849
555193156041
555196406747
5551812749
5511975055830
555191377520
555189539319
555189208311
555181052243
555195283557
555197168010
555196408968
555190117494
555196012938
555194730243
555197378389
555197997709
555196551849
555197297888
555184579106
555184749971
555196916521
55519433447
55519373865
555194546086
555194745094
555182496698
555181216924
555192626431
555192873791
555181033973
555190104043
555193510014
555194228059
555190172567
5511985017999
555190084923
555195469210
555189251636
555190123255
555189929617
555181216180
555194427484
555181303227
55519460827
555196510892
555195473816
555181752080
555181206555
555183058427
555181306708
5511939450419
555196261596
555192580533
555196503447
555189509689
55518912782
555192262533
555183517748
55519309797
555194020195
555191441256
555189143051
55518663972
555192331761
55518326418
555195177299
555181998524
555186489178
555181746148
555189912244
55518152221
55518723315
555197162531
555180424548
555194694668
555194762768
555194073084
555184949856
555189766965
555197454839
555185956872
555197516292
555181243979
555181427251
555195818561
555196826198
55518207304
555181517844
555189559173
555182350072
555195282854
555185023568
555182254859
555196975575
555180251830
555181016363
555185770718
555189347031
555193151891
555194717808
555182599303
55519205156
555190083110
555190198436
555189595134
555195454765
55993846118
555181187802
555197574419
555194165333
555189585961
555191544964
555184154160
555137818255
555181025138
555194811364
555182247045
555191704828
555196073846
555192495225
555181605185
555180568347
555185481087
55518082595
555195508667
555185445288
555190082612
555186690521
555192180288
555193294136
555196388585
555184588687
555182181834
555182983578
555189148036
55518889929
555183078307
55519260707
55518429241
555191034543
555181447710
555181326846
555180616609
555195467604
555182215903
55519441705
555180531863
555191688467
555196711140
555197320835
555192771814
555196973219
55519459090
555181338564
555196775801
555185630657
555196279277
555191898977
55519785298
555192331476
555181444244
555189607247
555191913201
555191728357
555195502669
555192557106
555184147456
555135091686
555130323189
555183289177
555194165571
555191821982
555186442074
555194117797
555195453925
555184507022
5548991546361
555189822308
555194554179
555192205666
555191196697
555193643840
555189249191